15;0 0 4 1 3 1 5 3 0 3 7 7 7
15;0 0 7 6 7 3 5 3
15;0 1 0 3 5 3
15;0 1 6 5 6 3
15;0 1 7 5 7 3
15;0 1 7 6 2 3
15;0 1 7 6 7 3
15;0 2 0 6 3 5
15;0 2 1 5 6 7
15;0 2 1 6 7 7 1 7
15;0 2 3 6 7 7 5 5 5 0 7 0 3 4
15;0 2 3 7 6 2 2 3
15;0 2 4 3 7 4 3 2 6 0 1 4 7
15;0 2 4 6 0 6
15;0 2 7 0 3 6 4 3 6 5 0 6 4 3 2 2 4-5 2-1 4-5 6-7 5-4 3-2 5-1 3-7 6-5 7-3 0-1 7-3 4-5 0-4
15;0 3 1 2 2 2 6 6 4 7 6 7 5 4
15;0 3 7 6 5 4
15;0 4 0 2 5 3 2 5 2 1
15;0 4 0 3 4 6 5 4 3 0 2
15;0 4 0 5 3 4
15;0 4 1 3 7 7 3 5 7 1 4 2 6 0 0 1 3-4 2-3
15;0 4 2 5 5 5 1 0 6 4 1
15;0 5 3 2 1 6
15;0 5 6 3 4 2 4 6 1 5
15;0 5 7 4 7 1
15;0 6 0 2 5 4
15;0 6 2 1 7 1 5 5 6 5 4
15;0 6 2 4 1 0 5 7 0 1 5 3 1 2 6 6 5-4 3-7 1-2 7-3 2-3 1-5 3-4 2-1 2-1 7-3 4-5 3-7 5-4 6-7
15;0 6 3 1 7 5 0 0 7
15;0 6 3 4 1 2
15;0 6 5 6 0 5
15;0 6 7 6 7 0
15;0 7 2 7 7 2
15;0 7 4 3 7 7 1 1 3 1 0
15;0 7 4 7 7 3
15;0 7 5 1 2 2 1 7 1 6
15;0 7 5 1 3 3 5 3
15;1 0 1 3 6 5
15;1 0 1 4 6 2
15;1 0 3 4 1 5
15;1 0 5 1 0 6 3 5 5 3 7 7 4
15;1 1 3 3 3 5 1 0
15;1 1 3 4 5 2 1 4 7 2
15;1 1 4 3 5 0 1 0 4
15;1 1 6 4 5 6 5 3 3 1
15;1 2 1 0 6 5
15;1 2 2 0 1 1 7
15;1 2 2 2 4 4 1 0 5 4 0
15;1 2 3 4 5 6 3 0 5
15;1 2 4 0 4 5
15;1 2 4 6 0 5 1 4 5 3
15;1 3 3 0 6 6 1 1 6
15;1 3 3 1 4 0 5 5 7 1 4
15;1 3 7 4 7 0
15;1 4 0 6 0 2
15;1 4 1 0 2 6
15;1 4 2 0 5 2 4 5 6 0 3
15;1 4 6 0 7 2
15;1 4 6 2 6 4
15;1 5 1 7 6 5
15;1 5 4 0 6 6 0 0 4
15;1 5 5 1 0 3 1 6 7 0 2 0 3 2 2 4 5-6 5-6 2-3 0-7 3-4 6-2 6-5 7-0 3-4 3-7 4-5
15;1 5 6 1 1 5 6
15;1 5 6 6 4 3 2 7 5 0
15;1 6 0 1 7 1 7 4
15;1 6 3 4 5 3 5 4
15;1 6 5 4 0 1 1 2 3 0 3 7 4
15;1 6 5 7 6 7 0 4 0
15;1 6 6 4 5 6 1 0 0 2
15;1 7 0 4 0 1 1 4
15;1 7 2 4 1 3
15;1 7 2 7 6 3 4 6
15;1 7 4 7 1 5
15;1 7 5 7 5 2
15;1 7 6 7 0 6 4 5 5 6 7 1
15;2 0 0 3 6 2 2 6 0 7
15;2 0 7 1 3 1 5 0
15;2 0 7 2 1 0 7
15;2 1 0 3 6 4 3 0 1 3 1 0 6 5
15;2 1 0 4 4 4 6 1 0
15;2 1 0 5 2 4
15;2 1 0 7 4 6 6 4 0 4 1 1 3
15;2 1 4 0 1 6 0 0 6 6 5 5 1
15;2 1 5 0 3 2 0 6 7 7 2 0
15;2 2 0 0 0 1 4 2 6 5 4 3 3 3 5
15;2 2 5 3 6 4 4 4 3 2 3 1 7 6 0 5 0-1 6-5 7-6
15;2 2 6 7 6 7
15;2 2 7 1 6 1 4 3
15;2 3 0 7 2 5
15;2 3 2 3 5 5
15;2 3 3 7 0 2 6 7 4 0
15;2 3 4 2 4 3
15;2 4 2 4 7 1
15;2 4 3 5 7 3 5 3 5 7 4 1 6 4 1 7 5-6 3-2 6-5 4-0 6-2 7-6 5-1 6-7 2-3 7-6 4-5 4-0 3-4 2-6
15;2 4 3 6 6 5 7 4
15;2 4 5 6 0 5 6 6 5 2 7 0 7
15;2 4 6 4 7 1 7
15;2 4 6 6 0 1 0 6
15;2 4 7 7 3 4 1 1 2
15;2 5 0 7 2 5
15;2 5 4 4 4 2 1 6 2 7
15;2 5 4 7 1 6 6 3
15;2 6 0 3 4 3 7 0 2
15;2 6 1 3 6 2 2 5 3 1
15;2 6 3 5 1 1 3 1
15;2 6 4 3 7 6 6 4
15;2 6 5 1 3 3 0 7 3 2 6 6 7 7 2 5 0-1 7-0 3-7 5-1 5-4 3-4 7-0 1-0 2-1 2-3 2-3 6-7
15;2 6 5 5 1 2 5 7 1 4
15;2 6 6 1 2 1
15;2 6 6 5 1 7 5 2 6 7 5 4
15;2 7 1 3 6 4 4 0
15;2 7 2 1 4 4 0 4
15;2 7 4 1 0 4 0 6 4 5
15;2 7 5 3 0 3 6 7
15;2 7 5 3 0 4 1 0 7 2 4 7 2 4 3 6 5-6 4-3 2-1
15;2 7 7 3 3 2 0 6 3 2 0 1
15;2 7 7 7 0 6 1 4 2
15;3 0 0 5 7 3 0 4 4 5 2 7 5 2
15;3 0 5 0 7 7 4 5 7 4 2
15;3 0 7 2 5 6 7 5 0 7 5
15;3 1 0 5 2 6
15;3 1 0 6 2 2 7 4 3 2 5 5 4
15;3 1 0 6 7 6 4 3 3 7 1 4
15;3 1 1 7 5 3 7 2 4 5 3 5
15;3 1 2 5 4 2 6 7 2 4 7 7 0
15;3 1 3 5 0 5
15;3 1 4 1 7 6 0 2 2 4 2 6
15;3 1 7 5 5 2 1 5 7 0
15;3 2 0 3 7 2 0
15;3 2 4 5 5 4 7 0 5 3 7
15;3 2 4 6 3 1
15;3 2 4 7 2 3 0 5 5 6 4 2
15;3 2 5 1 5 6
15;3 2 6 6 3 2
15;3 2 7 5 0 1 1 0 3 2
15;3 2 7 6 0 4 0 3 4 5
15;3 2 7 7 2 4 5 3 7 0 1 5 2 5 3 4
15;3 3 0 5 2 6 4 7 6 4 3 2 5 6 4 5 3-2 7-3 0-7 5-1 4-0
15;3 3 0 7 6 1 1 7 2 1 5
15;3 4 0 1 3 5
15;3 4 0 4 0 6
15;3 4 3 0 5 0
15;3 4 3 2 0 5
15;3 4 5 3 7 5 4 0 4 2 1 3 5 2
15;3 4 5 4 3 5
15;3 5 3 2 0 3 5
15;3 5 5 1 4 5 2 4 7 2 2 3 0
15;3 5 6 2 6 1
15;3 5 6 5 5 3
15;3 6 0 7 5 3 4 0 0 6 3 5 7
15;3 6 1 7 5 3 7 6 1
15;3 6 7 3 1 6 6 7
15;3 7 5 6 6 5 0 3 1 2 5 7
15;3 7 7 7 0 4 3 1
15;4 0 1 5 1 6 6 0
15;4 0 6 3 6 0
15;4 0 6 6 5 5 6 7 1 4 5 1 7 7 0 2 5-1
15;4 1 2 5 4 7
15;4 1 4 2 0 1
15;4 2 2 1 4 3 5 5 2 5 0 6 6 4 3 1
15;4 2 4 0 1 6
15;4 2 4 2 1 1
15;4 2 5 2 1 3 0 7 6 6 3 6 3 4 7 1 5-1 4-0
15;4 2 7 0 1 2 0 0 4
15;4 3 1 6 2 5
15;4 3 2 0 4 2
15;4 3 3 6 6 5 3 6 2 4 5 1
15;4 3 4 1 6 4 1
15;4 3 6 7 0 4 2 2 4 2 3 1 6
15;4 3 7 1 2 5 1 2 6 6 5 4 1 4 5 7 1-2
15;4 3 7 3 2 6 3 2
15;4 3 7 7 7 5 6 6 4 5
15;4 4 1 2 1 3 3 2
15;4 4 2 1 4 5 6 6 7 7 1 1 7 5 6 2 7-3 2-3 4-5 4-3 6-7 1-2 4-0 3-2 1-0 2-3 0-4 3-2 7-3 2-1
15;4 4 2 2 2 4 6 7 0 7 0
15;4 4 4 1 7 5 5 5 7 2 0 6
15;4 4 5 7 6 5 1 2 4 2
15;4 4 7 7 2 7 6 3 0 0 1
15;4 5 2 7 5 5 6 0 1 2 7 6 7 2 6 4 1-0 4-0 4-3 5-1 6-5 2-6 3-4 0-4 5-4 1-5 4-0
15;4 5 3 2 0 1 0 4
15;4 5 6 2 4 1
15;4 5 6 7 1 3 6 4 3 5
15;4 5 7 4 5 6 7 7 1
15;4 5 7 7 2 0 3 2 0 5 1 6
15;4 6 0 4 4 0 7 1 2 1 6 6 0 3 2
15;4 6 2 1 3 4 0 1 2
15;4 6 2 2 3 2 4 5 6 6 5 3 5 3 1
15;4 6 2 2 4 6
15;4 6 3 2 7 2 0 3 7
15;4 6 3 5 7 3 3 0 1 2
15;4 6 4 1 0 1
15;4 6 4 5 1 2
15;4 7 2 5 0 0 3 3 6
15;4 7 2 5 2 1
15;4 7 5 5 0 2 2 1 0 5 2 4
15;4 7 5 6 4 3
15;4 7 6 5 1 2 2 2 3 7
15;4 7 6 5 1 7 1 1 5
15;4 7 7 4 2 7 2 2 1
15;5 0 1 0 0 4
15;5 0 1 2 6 1 1 3 0 5 5 7
15;5 0 3 2 6 7 1 4
15;5 0 4 1 3 5 3 0
15;5 0 7 0 0 5
15;5 0 7 7 3 0 7 4 5
15;5 1 0 0 3 0 6 1 5
15;5 1 2 4 2 0
15;5 1 3 0 2 5 4 3 1 1 5
15;5 1 3 7 2 5 3 5
15;5 2 0 5 5 1 0 1
15;5 2 1 2 7 3 2 1
15;5 2 3 4 0 6 0 1
15;5 2 5 0 6 6 0 7 7 0 1
15;5 2 5 7 6 2
15;5 2 7 0 0 1 0 7 1 3
15;5 2 7 5 3 6 1 6 7
15;5 3 0 6 5 5 3
15;5 3 1 6 0 3 0
15;5 3 1 6 4 5 6 2 4 1 1 0 2 2 5 6 1-0 1-0 4-3 0-4 1-0 2-3
15;5 3 1 7 0 7 5 0
15;5 3 5 6 7 2
15;5 3 6 3 2 6 3 5
15;5 3 6 5 2 3 2
15;5 3 7 3 2 2 6 7 2 1 5
15;5 4 5 2 3 0
15;5 5 2 3 1 3 0 2 2 0 4 5 7
15;5 6 4 3 7 0
15;5 6 5 2 4 7
15;5 6 5 2 7 0
15;5 6 6 2 5 5 3
15;5 7 0 1 5 0 1 1 0 6 7 5 6
15;5 7 0 2 2 1 0 2
15;5 7 0 7 6 3 2 2 2 5 1 0 7 1 0 5 0-1 3-4 2-6
15;5 7 1 0 2 4 6 7 0 0 7 5
15;5 7 2 6 7 3 4 4 3 3 7
15;5 7 4 2 4 3
15;6 0 0 5 7 7 0 4 4 3 1 7 1 1 5
15;6 0 1 0 2 2 6
15;6 0 1 6 3 3 2 6 0 2 2 0 3
15;6 0 1 7 5 7 0 3 5
15;6 0 4 6 4 7 0 3
15;6 0 7 5 2 6 6 1 5 5 7 7 2
15;6 0 7 5 7 2
15;6 1 0 5 0 4
15;6 1 2 2 2 5 3 1 0 4 5 5 6
15;6 1 3 5 6 2
15;6 1 4 6 5 6 7 7 0
15;6 1 7 4 0 7 4 2 2 2 6
15;6 2 6 1 0 0 1 3 1 0 4 4 4 5 2 6 2-3
15;6 2 7 1 0 0 0 7 3 7 6 6 2
15;6 2 7 6 5 3 2 1 4 4 3 1
15;6 2 7 6 7 0 0 4
15;6 3 0 2 0 2
15;6 3 6 4 5 5 3 0
15;6 3 7 4 4 6 2 3 1 2 2 1 6 7 4 5
15;6 3 7 7 7 1 2 3 3 2
15;6 4 2 1 7 7 6 0 7 5
15;6 4 4 0 4 6 5 6 1 5 2 5 7 2 3
15;6 4 4 1 2 5 6 3
15;6 4 5 0 6 3
15;6 4 5 0 6 7
15;6 4 6 2 5 7
15;6 4 6 3 1 0
15;6 5 0 1 7 7 3 1 4 3 5
15;6 5 1 0 1 4
15;6 5 1 0 5 5 6 4
15;6 5 2 0 2 5
15;6 5 6 0 5 0
15;6 5 6 1 3 2
15;6 5 7 7 4 3 4 7 2 0 6
15;6 6 1 7 6 0 2 3 2 4
15;6 6 7 1 7 5
15;6 7 1 6 1 0 6 4
15;6 7 4 5 7 7 6 1
15;6 7 6 4 5 1
15;7 0 0 1 4 4 0 2 3 4
15;7 0 0 1 7 0 4 6
15;7 0 3 0 0 4
15;7 0 3 1 0 5 3 4
15;7 0 4 0 1 7 7 6 1 1 6
15;7 0 4 3 0 6 1 1 6 0 1 3
15;7 0 4 3 6 6 4 6 7
15;7 0 6 0 2 4 6
15;7 0 6 3 4 5
15;7 0 6 3 6 4
15;7 1 0 0 7 3 0 3
15;7 1 0 1 7 0 6 7 1 4 3 3 2
15;7 1 1 0 7 3
15;7 1 3 5 6 6 6 7 7 1
15;7 1 5 5 6 0 3 4 4 2 2 4 1 2 5 3 7-0 2-6 0-7 0-1 5-6 1-0 6-5 6-2 7-0 4-3
15;7 1 6 2 5 6 6 7 0 4 2 2 4 5 5 3 0-4 3-7 4-0
15;7 1 7 3 0 5
15;7 2 3 5 4 7 7 3 6 1 2 2 1 1 3 4 3-4 2-3
15;7 2 5 7 1 1 4 7 4
15;7 3 2 7 4 6 1 5 7 1 6 4 5 6 5 0 5-4 0-1 2-3 6-5 7-6 7-3 6-2 3-2 7-3 1-0 6-7
15;7 3 3 7 7 4 6 1 0 0 2 6 6 0 5 5 6-5 0-4 3-4 1-2 7-0 6-7 5-6
15;7 3 6 5 1 4 3 3 4 1 2 2 4 1 0
15;7 3 7 0 1 3
15;7 3 7 3 5 4
15;7 3 7 7 0 3 2
15;7 4 0 4 3 6 0
15;7 4 2 5 1 3 5 7 6 4
15;7 4 3 4 4 1
15;7 4 4 2 3 4 3 5 5 5 2
15;7 4 5 7 5 3 4 7
15;7 5 1 7 7 6 5 2
15;7 5 5 6 4 3 3 4 2 7 5 4 2 2 3
15;7 5 6 0 6 4
15;7 5 6 5 1 6 6 7
15;7 5 7 5 0 0
15;7 6 1 4 5 4 0 0 1 3
15;7 6 3 3 3 6 2 2 5 4 2 7
15;7 7 3 3 0 0 0 2 1 1 3 2 4
15;7 7 4 2 1 5 4 6 5 0 0 4 2
15;7 7 5 6 0 4 2 7 4 2 2 1 6 4 5
15;7 7 7 4 2 2 3 3 2 0 1 1 4 0 3 5 3-4 0-1 7-6
16;0 0 4 7 2 4 3 4 0 2 1
16;0 3 7 6 4 7 3 1 2 4 7 1 6 0 4 2 7-0 2-3
16;0 6 1 2 2 1 6 5 1 2
16;1 0 7 6 4 6 4 4 2 2 6 5 5 1 2 1 7-3 0-7 6-7
16;1 4 6 3 7 2 4 6 5 7 7 3
16;1 6 7 6 7 6
16;2 2 0 1 1 3 3 5 6 1 3 6 2 6 4 7 3-7 6-5
16;2 3 3 5 7 2 6 3 7
16;2 6 5 5 6 6 3 1 5 2 0 4 3 7 1 0 3-7 2-3 2-3 4-0 3-2 3-4 2-3 6-7 5-6
16;3 4 2 4 2 4
16;4 2 0 2 5 7 6 4 1 0 2 6 7 0 6 1 2-1 2-3 6-2 6-2 7-3 0-7
16;4 6 6 6 0 2 5 5 2 4 4 7 5 0 0 3 4-3 4-3 5-1 3-2 0-7 0-4 0-7 4-0
16;5 2 3 2 3 2
16;5 4 7 5 7 6 4 4 6 6 5 0 1 3 1
16;5 6 0 6 0 6
16;5 6 4 0 2 2 1 7 0 1 1 2 7 5 0 3 4-3 6-5 7-6 2-3
16;6 1 3 6 2 3 1 0 7 3 6 7 1 5 0 2 6-2 5-6 0-7 6-5 1-5 0-4 5-4 5-6 1-0
16;6 4 5 3 3 2 7 7 6 5 3 1 1 0
16;6 6 5 0 4 5 2 2 4
16;7 2 3 7 1 5 2 1 4 2 7 0 3 0 1 3 4-5 2-6 1-0 6-5 2-1 2-6 7-6
16;7 3 6 0 3 2 3 7 2 1 0 0 7 5
16;7 6 1 7 3 3 3 4 4 4 6 0 1 5 7 2 1-2 5-6 1-2 4-5
17;0 0 3 7 0 3 5 1 4 1 7 7 6 2
17;0 1 0 5 4 4 6 6 6 7 7 7 3
17;0 2 1 7 5 1 7 7 1 3 4 4 3 5 3
17;0 2 2 1 2 0 1 4
17;0 3 6 2 0 3
17;0 4 2 3 7 2 2 6 5 0 0 7 4 7
17;0 4 3 2 2 5 5 5 2 0 1 3 7 7 0
17;0 4 4 5 3 3 7 4 5 0 1 0 5 2 3 6 3-2 3-7 5-6 7-6 1-5 6-7 6-2 6-7 5-6 7-6 3-7 0-1 5-6 4-3
17;0 5 5 2 4 3 0 1 3 3 0
17;0 5 5 4 2 4 3 5
17;0 6 0 5 3 3 7
17;0 6 0 5 6 3 3 6 1
17;0 7 2 0 6 6 7 5 5 2 7 3 2 3
17;0 7 2 7 7 0
17;0 7 7 1 3 0 4 3 4
17;1 0 0 5 4 4 6 6 5 7 1
17;1 0 7 6 0 0 1 3 3 4 5 3 4 7 7 4 5-6 3-2 6-2 0-1 2-3
17;1 3 3 0 1 7 4 4 3 1 0
17;1 3 4 1 2 0 5 7 0 0 7 4 1 5 4 7 4-5 7-6 5-6 5-6 5-4 3-7 4-3 6-2 3-2 4-3 4-5 3-4 5-4 0-4
17;1 3 5 4 5 5 3
17;1 4 2 1 3 5 0 0 1 2 3 2 7
17;1 4 6 1 3 6 6 0 7 5
17;1 4 7 1 0 5 1 0 7 0 4 4 6 3 5 2 7-3 2-6 7-3 6-5 3-2 4-3 6-2 5-6
17;1 5 2 7 1 4 4 4 7
17;1 5 6 1 6 2 3 6 5
17;1 5 6 5 5 3
17;1 6 0 6 3 2
17;1 6 3 7 2 1 5 3 2
17;1 6 6 4 0 3 2 0 4 6 2
17;1 7 2 4 1 1 6
17;1 7 2 4 2 5 3
17;2 0 1 5 2 2 3
17;2 0 7 2 0 1 3 5 5 6
17;2 0 7 5 0 7 2 6 5 1
17;2 1 2 3 5 5 4 4 4 5 0 0 0 6 1 1 2-3 1-2 3-7
17;2 1 4 0 1 4 4 6 0 1 2
17;2 1 5 0 1 3 6 4
17;2 3 3 6 1 2 6 2 6 1 7 0 3 1 4 4 7-0 1-5 6-7 1-0 1-5 2-1
17;2 5 2 1 1 2 6
17;2 5 3 3 6 7 7 0 5 7 1 0
17;2 5 6 2 7 3 1 1 2 1 0 7 4
17;2 6 5 2 6 6 7 7 2 5 7 5 1 4 3
17;2 6 6 4 3 7 7 5
17;2 7 4 0 5 1 1 1 7 5 6 3 3 2 3 2 6-5 0-7 4-0 2-6 5-4 6-2 4-5 7-6
17;2 7 4 2 7 7 3 1 3
17;3 0 2 7 0 6 7 7 2
17;3 0 3 0 5 1
17;3 0 4 5 5 3 0 7 2 5 6 3 1
17;3 0 4 6 2 2 6 4 0 7 6 4 7 0 1 5 6-5 2-6 2-1 4-3 1-2 4-5 4-3 5-1 5-1 6-2 3-7 2-3 1-5 3-4
17;3 0 5 5 5 2 0 0 4 3 4
17;3 0 6 5 4 4 3 4 7 1 1 6 6 7 1
17;3 0 7 5 1 0 4 1 5 4 2 7 1 2 7 4 7-0 4-3 0-7
17;3 2 4 4 2 7 2 6 1 3 3 4 5 0 7 1 5-1 6-5
17;3 3 2 0 7 7 1 7 3 1 0
17;3 3 2 7 6 3 5 7 4
17;3 3 6 2 4 6 1 0 2 1 6 4 2
17;3 3 7 4 6 2 4 1 2 3
17;3 4 2 2 2 6 0 6
17;3 5 1 4 2 2 3 7 7 6 5 3 5
17;3 5 2 1 1 2 5 5 4 0 6 7 0 6 7 1 3-2 5-4 7-0 7-3 2-3 2-6
17;3 6 0 5 4 4 6 0 4 7
17;3 6 2 0 4 2 7 2 6 7 6
17;3 7 4 4 7 2 7 0 2 5
17;3 7 5 0 1 7 2 3 6
17;3 7 7 1 0 5 4 2
17;3 7 7 7 5 5 1 0 0 2 6 6 6 3 0 1 0-1 3-4 3-4 5-4 1-2 4-5 4-3 5-1
17;4 0 1 3 5 4 4 3
17;4 1 3 1 6 2
17;4 1 7 2 1 1 3 6 3
17;4 1 7 4 6 7 6 3 7
17;4 2 3 5 5 5 7 2 6 0 1 4
17;4 3 0 1 0 7 1 0 5
17;4 4 0 0 1 7 5 3 2 0 7 1 2
17;4 4 0 2 6 7 5 6 2 7 4 0
17;4 4 2 7 5 0 4 1 7 5 2
17;4 5 2 6 6 6 0 7 7 5
17;4 5 3 4 5 2 2 7 2 4 1 5 6 3 3 1 3-7 1-0 7-0 4-3 0-4 5-6 2-6 0-1 5-1 7-0 6-5 6-7 1-0 1-0
17;4 5 5 7 0 7 2 5 7 0
17;4 5 7 2 3 2 6 5
17;4 6 1 7 2 7
17;4 7 2 5 4 7
17;4 7 5 4 1 0 6 3 2
17;5 0 0 1 4 4 6 3 1 5 3 1 5 0 3 2
17;5 0 1 2 7 0 2 1 4 5 5 7
17;5 0 5 1 0 2 2 1
17;5 0 5 7 2 5 0
17;5 1 1 7 0 0 3 7 1 0 7 3
17;5 1 6 1 7 6 3 6 1 7 2 3 7 0 2 4
17;5 2 4 6 1 0 7 7 0 4 4 1 2 5 5 2 0-1
17;5 3 2 5 1 1 5 2 3 1 3 7 4 2 7 0 4-0 1-0 5-1 5-4 3-7 2-3 5-6 2-6 2-6 4-5
17;5 3 2 5 1 6 0 2 2 0 0 1 5 6 3 3 5-6 1-5 0-7 0-1 7-0 5-4
17;5 4 4 5 6 3 0 5 7 6 4 1 2 0 0 2 7-3 6-7 0-7 1-2 4-0 5-1
17;5 4 7 4 4 5
17;5 5 1 2 0 4 5 3 4 7
17;5 5 1 2 2 5 4 3 6 0 1
17;5 5 1 6 5 3 6 1 4 4 1 7 2 7 3 3 2-6 4-0 4-0 7-0 6-7 3-7 5-4 7-3 6-5 3-4 5-6 5-4 6-5
17;5 5 2 2 0 0 6 7 2 1 5 3
17;5 5 2 2 2 7 7 4 4 3 0 7 6
17;5 5 2 6 5 3 6 1
17;5 5 2 6 7 4 5 0
17;5 5 5 1 4 2 2 2 1 6 0 4 7 4 1 3 7-3 4-3 5-4 3-7 4-5 7-0 3-7
17;5 6 2 6 1 5 3 3 3 1 1 2 5 0 6 2
17;5 7 2 3 0 7 3 2 6 0
17;5 7 3 0 1 1 7 5 0 5 1 7 4
17;5 7 5 0 3 0
17;6 0 3 6 4 1 3
17;6 0 7 6 0 1 5 0 4
17;6 1 0 2 3 0 2 4 5 6 0 5 6 5
17;6 2 2 3 2 0 4 3 4
17;6 3 3 2 6 4 5 3 4
17;6 3 6 0 0 6 3
17;6 4 2 1 7 6 5 5 5 1 6 7 1 7 0 0 1-0 1-2 6-2
17;6 4 5 3 7 5 5 7 6 2 1
17;6 5 2 3 3 5 3 7
17;6 5 6 0 5 7 3 5 7 2 7 6 1 1 2
17;6 6 3 2 2 0 2 4 6 7
17;6 7 2 1 1 4 5 0
17;7 0 0 3 4 0 6 1 4
17;7 0 6 4 1 0 4 1
17;7 1 2 4 3 5 4 3 7 5
17;7 1 3 5 4 6 7 4 5 3 1
17;7 1 3 6 0 1 5 7 6 6 1 3
17;7 1 7 2 4 7 2
17;7 2 0 0 2 4 4 4 6 2 0 7 5
17;7 2 0 0 6 0 5 6 5
17;7 2 2 1 5 5 4 2 7
17;7 2 6 0 4 6 6 2
17;7 3 0 1 5 2 1 0 0 1
17;7 4 2 0 5 1 4 5 7 5 3 2 1 3 3 4 1-2 1-0
17;7 4 2 4 4 1
17;7 4 5 0 5 6 6 6 4 1 4
17;7 5 2 0 3 5 4 3 6 4 5 6
17;7 5 2 4 0 3 5 5 3 3 4
17;7 5 2 5 5 2
17;7 6 1 4 7 4
17;7 6 3 4 6 5 2 2 1 2 6 7 5 4 0 0 1-0 2-3
17;7 7 1 3 1 4 6 6 7
17;7 7 6 3 5 6 0 3 1
18;0 0 1 7 7 7 3 5 0 6 3
18;0 2 7 2 3 1 6 7 2 1
18;1 1 6 6 1 6 3 3 7 7 3 2 7 2 0 5 1-2 5-1 0-4 6-5 7-6 1-0 2-1 5-4 6-7
18;1 3 0 0 6 5 1 6 5 0 7
18;1 6 6 4 1 1 5
18;2 0 7 1 4 7 0 0 1 2 7 3 3 1 6 2 4-5 1-5 1-5 2-6 5-1 6-2 1-5 2-6 5-1 6-2 6-5 2-6 5-6 2-3
18;2 2 3 3 5 4 3 2 1 1 5 0 0 1 0 4 5-6 1-5 6-5 2-6
18;2 4 2 2 5 0
18;3 0 7 0 3 3
18;3 4 1 0 7 6 5 6 0 0 6 4
18;3 5 3 3 6 1
18;3 5 3 5 7 3
18;4 1 4 4 5 3
18;4 1 6 6 3 3 6 7 2 0 1 1 7
18;4 1 6 6 6 5 5 4 3 4 1 7 7 1 7 3 7-3 1-5 1-2 4-0 3-4 1-2 6-7 2-6 2-3 6-2 4-0 5-4 0-1 4-0
18;4 2 1 1 7 6 1 5 5 7 0 6
18;4 7 1 5 3 4 2 2 5 6 7 4 5 3 7 2 1-0 4-0 7-0 6-7 0-4 7-6 7-0
18;5 6 5 5 2 3
18;5 6 6 3 7 6 4 1 2 2 3 3 2
18;6 1 0 3 2 3 1 0 4 4 0 2
18;6 3 7 0 0 6 1 7 5 0 7 2 2 4 5 6 5-4 3-4 1-2
18;6 4 4 0 6 6 2
18;6 5 2 5 6 6
19;0 0 0 6 3 3 6 2 6 4
19;0 0 2 3 2 2 0
19;0 0 3 7 7 1 3 4
19;0 0 4 7 0 3 6 1 5 4 3 5 2 7
19;0 0 6 2 6 4 7 2
19;0 0 7 2 6 1 0 6 7 6
19;0 1 4 6 4 2
19;0 1 5 6 6 1
19;0 1 6 3 4 4 0
19;0 1 6 6 6 5 3 1
19;0 2 2 2 4 0 1 4 1
19;0 2 3 5 6 5 2 3 2 6
19;0 2 3 6 7 7 0 6
19;0 3 0 5 5 7
19;0 3 0 6 4 2
19;0 3 0 6 5 0 6
19;0 3 5 2 0 4 2 0 2 3 3 5
19;0 3 6 6 2 1 6 0 7 7 0 2 5
19;0 3 7 6 3 6 7
19;0 4 0 2 7 4
19;0 4 1 6 1 1 0
19;0 4 3 6 1 4
19;0 4 6 2 0 4
19;0 4 7 2 7 7 3
19;0 5 0 2 3 3
19;0 5 3 6 1 5
19;0 5 4 2 0 3 3 7
19;0 5 4 4 6 6 5 2 3 4 5 1 7 2
19;0 5 6 2 5 2
19;0 7 2 7 4 6 2
19;0 7 3 0 7 2 1 5
19;1 0 0 2 0 3 5 4 2 2
19;1 0 2 6 5 2 1 2 4 4 6
19;1 0 3 3 1 2 2 4
19;1 0 3 5 6 0 2 2 3
19;1 0 7 3 6 0 3 5
19;1 1 4 4 2 3 6 5 5 6 6 1 0
19;1 1 4 5 5 5 0 2 0
19;1 1 4 6 5 7 6 5 4
19;1 2 0 3 4 1 2 6 2 0 7 6 6 4
19;1 2 0 3 5 2 7 7
19;1 2 0 4 3 3 3 2 6 1 1 6 4 4 6 0 3-7
19;1 2 0 6 7 0 4 1 1 3 6 0 4
19;1 2 2 0 0 1 5 0 6 5 4
19;1 3 3 1 1 0 2 2 0 0 5 6 4 5 6 4 3-2 0-4 2-3
19;1 3 4 4 4 0 7 0 5 5 5 7 0 1
19;1 3 4 6 1 2
19;1 3 4 6 3 6
19;1 3 7 2 2 3
19;1 4 3 4 5 6 1
19;1 4 3 7 3 1 7 1
19;1 4 4 1 1 7 6 0 2 6
19;1 5 1 4 6 7 2
19;1 5 2 5 3 1 6 6 7
19;1 5 3 1 0 5 7 2 2
19;1 5 3 5 5 3
19;1 6 2 6 4 7
19;1 6 3 0 2 3 4 0
19;1 6 5 4 0 4 6 1
19;1 7 1 4 6 5 5 1 7
19;1 7 3 4 3 5 7 1
19;1 7 3 6 3 5 7 4
19;1 7 3 6 6 2 0 0 3
19;2 0 7 0 4 3 5 5
19;2 1 1 0 0 0 3 4
19;2 1 1 1 4 2 3
19;2 1 3 7 3 7
19;2 1 4 2 4 1 5
19;2 1 7 3 7 0 6
19;2 2 0 4 0 4
19;2 2 5 3 2 6 7 3 4 4 6 4 6 7 3 1
19;2 2 5 4 6 3 2 1 1 3
19;2 2 6 3 2 0 4 5 3 4 3 7 0 0 7 7 3-4 7-3 4-5 0-7 5-1 7-0 6-7 0-1 0-4 5-1 4-0 1-5 0-1 3-4
19;2 3 0 2 3 6 4 6 1
19;2 3 0 5 7 0 4 7 6
19;2 3 4 7 3 4 2 5 6
19;2 3 6 5 2 7
19;2 4 1 6 6 4 7 7 3 2 5 3 3 2 6 5 1-5 2-1 5-1 2-1
19;2 4 5 5 7 0 3 0
19;2 4 5 6 7 1 7 5 5 7 1
19;2 4 6 7 1 1 2 5 7
19;2 5 0 7 7 1
19;2 5 1 2 1 5
19;2 5 1 4 6 7 2
19;2 5 2 3 3 6 1 3 5
19;2 5 2 4 4 0
19;2 5 2 6 1 3 7
19;2 5 2 6 7 7 5 3
19;2 5 3 7 0 7
19;2 5 4 5 1 1 6 7 7 3
19;2 5 4 5 6 6 0 6 7
19;2 6 0 3 6 6 2 4 1
19;2 6 2 7 1 6
19;2 6 3 1 7 5 4 2 3
19;2 7 1 1 6 0 1 7
19;2 7 2 3 7 0
19;2 7 7 0 2 3
19;2 7 7 3 1 5
19;3 0 1 6 1 3 7 5 5 5 6
19;3 0 3 1 1 5
19;3 0 3 6 7 4
19;3 1 3 6 0 2
19;3 1 3 7 1 7
19;3 2 6 7 2 0 0 6
19;3 3 3 4 5 0 1 0
19;3 3 5 2 4 2 4 6
19;3 3 6 4 4 7 4 1 7 7 1 5
19;3 4 0 2 4 2 0
19;3 4 0 5 7 2 0
19;3 4 1 4 1 3 7
19;3 5 1 3 6 4 3 0 7 7 2 2 2
19;3 5 6 0 4 6 5 4 1 1 0 7 5 3 1 2 0-7 2-3 7-0 7-0 5-4 6-5 6-7 5-6 4-5 0-4 7-0 3-2 5-6 4-3
19;3 5 6 1 4 4 4 3
19;3 5 7 2 0 2 0
19;3 5 7 6 3 1
19;3 6 1 0 2 1 5 6
19;3 6 1 1 2 5 4 4 5 4 1 7 5 0 2 3 2-6 7-0 2-6 3-7 3-7 0-7 1-0 7-0 7-3 1-2
19;3 6 3 1 0 0
19;3 6 3 1 0 7 7 3 1
19;3 6 5 0 4 5 6 2
19;3 6 7 2 5 7 2 2 1 0 7 6 0 3
19;3 6 7 6 4 1 2 2 5
19;3 7 3 0 0 6 0 4 5 1 2
19;3 7 4 5 1 0 4
19;3 7 5 1 5 1
19;3 7 5 4 4 5 5 3
19;3 7 6 0 3 3 6
19;3 7 7 4 4 6 6 2
19;4 0 2 3 0 2 3 0 5 5 6
19;4 0 2 4 2 7 5 0
19;4 0 3 4 0 2 5 4 5 2 3 5 2 0 7 7 3-7 0-1 7-6
19;4 0 5 4 0 4 3 6 5 6
19;4 0 5 6 6 4 6 2 2 0
19;4 1 0 3 4 7
19;4 1 0 5 0 3
19;4 1 2 1 6 6 5 7
19;4 1 2 5 7 0 1 1 2 0 5 2 0 5 7 4
19;4 1 5 2 4 1
19;4 1 6 6 1 6 7 1 4
19;4 2 3 1 4 4 1
19;4 3 3 0 0 5 5 3 4 1 7 7 0 1
19;4 3 3 7 6 7
19;4 3 4 1 5 1
19;4 3 6 1 5 6 5 1
19;4 3 6 2 7 2
19;4 3 6 3 2 5 5 4 0 0 3 2
19;4 3 6 7 7 2
19;4 4 3 1 5 0 3 6 1
19;4 4 5 1 3 1 0 7 2 2 1 4 7 7 5 0 5-6 7-3 7-3 7-0 6-2 4-5 2-6 4-5 3-2 0-7 6-7 5-4 1-0
19;4 5 1 1 3 7 5 4 2 6 5 6
19;4 5 2 1 6 6 0 6 0
19;4 5 5 4 6 4 5 7 2 7 2
19;4 5 5 7 5 6 6 6
19;4 6 0 2 5 1 6 5 2 4 6 0 4 3 2 5 2-3 1-0 4-3 5-1 2-1 0-7 6-5 7-0 6-2 0-1 2-6 2-6 5-4 1-2
19;4 6 1 4 5 7 1
19;4 6 1 5 5 6 1
19;4 6 1 7 7 4 2 1 0 6 4 7 6 0
19;4 6 2 3 7 0 7 4 0
19;4 6 4 5 1 7 6 1
19;4 6 4 7 0 4 7
19;4 7 5 5 0 6 7 4 4 7 6 3 5 6 2 2 5-1 2-1 2-1 3-2 1-5 7-0 4-0 1-2 0-4 0-7 4-3 2-1 0-4
19;5 0 0 0 7 4 4 3 1 6 4 5 2 2 6 7 1-2 7-6 4-5 3-7 4-3 6-7 5-4 0-4 2-6 7-0 3-7 5-1
19;5 0 0 4 4 1 5 5 7
19;5 0 2 0 1 7 3 1
19;5 0 3 1 3 3 1
19;5 0 3 2 4 4 3 5 0 0 2
19;5 1 4 1 4 3
19;5 1 7 1 5 3
19;5 2 0 1 2 1 3 2 4 4 4 6
19;5 2 0 2 6 7
19;5 2 0 3 0 4 2 6 2 1 5
19;5 2 2 7 4 6
19;5 2 7 5 3 1 6 5 3 7 1
19;5 3 3 7 5 4
19;5 3 5 6 2 4 4 4 3 0 2
19;5 3 6 0 4 5 5 6
19;5 4 0 3 2 7 3 2 6 3 2 5 7 7 4 1 0-1 7-6 1-0 3-7 3-4 7-0 2-3
19;5 4 0 7 6 4
19;5 4 6 3 2 0 5 6 1 7
19;5 4 6 3 4 5 5 4
19;5 5 1 3 2 2 1
19;5 5 4 2 2 1 7 1 3
19;5 5 4 3 2 4 4 6
19;5 6 5 3 6 4 6 5 3 0 7
19;5 6 6 0 4 6 3 4 2 1 0 3 3 4
19;5 6 6 2 5 1
19;5 7 1 3 4 5 2 3 4
19;5 7 2 2 7 1 6 6 2 1 4 7
19;5 7 2 3 6 4 1 2 2 6 3 1 6 7
19;5 7 4 2 4 5 1 1 2 3 1 2 3
19;5 7 6 0 2 4 7 5 2 6
19;6 0 0 6 7 6 5 7 5 0 7 4 1
19;6 1 1 2 3 6 5 4 1 3 7 7 7 4 3 5 1-5 4-0 5-6 0-4 1-0
19;6 1 1 4 1 5 2 2 0 7 4 0 2 4 3 0 3-7 0-7 1-0 5-6 2-3 6-2 6-5 7-3 7-6
19;6 1 2 6 1 5 1 2 6 7
19;6 1 3 2 4 2
19;6 1 5 6 3 1 7 3 1 7
19;6 2 0 1 3 7 0 3 3 5 6
19;6 2 0 6 2 6 0 5 2
19;6 2 2 3 0 3 6
19;6 2 3 4 6 3 4 4 2 1
19;6 2 5 0 5 1 2 6 1 1 2
19;6 2 5 1 0 0 0 6 4 7
19;6 2 7 3 0 7 3 1 6
19;6 3 0 4 1 4
19;6 3 1 0 3 0 4 4 5
19;6 3 2 0 4 7 2 4 0 5 3
19;6 3 2 2 6 4 4 6 3
19;6 3 7 3 3 1
19;6 4 3 1 5 1
19;6 4 4 1 1 4 0 7
19;6 4 4 2 6 1 7 7 3
19;6 4 4 7 3 7
19;6 4 5 0 0 2
19;6 4 5 4 0 2
19;6 4 6 2 4 7
19;6 5 5 5 7 7 7 3 2 0 4 2 3 6 0 2 4-3 5-4 5-1 5-1 7-0 2-6 3-7 6-5 0-4 1-2 4-3 5-1 0-4 1-0
19;6 6 2 7 3 1 4 3 6 0 5 3 2
19;6 6 3 1 2 2 7 7 4
19;6 6 4 2 4 5
19;6 7 0 7 5 3 0 0 7 3
19;6 7 1 6 1 3
19;6 7 1 6 3 0 6 3 5 1 3 5 7 0 0 7 3-4 5-4
19;6 7 6 0 1 2 1
19;7 0 3 3 5 1 7
19;7 0 4 1 0 2 3 1
19;7 0 4 4 0 0 7 3 1 6 6
19;7 1 1 1 4 2 7
19;7 1 1 2 5 5 5 7 2 0 0 2 4 3 0 1 0-7 3-4 5-4 1-5 7-0 5-6 0-7 2-1 7-0 6-7 4-3 1-2 3-4 2-3
19;7 1 3 4 7 5
19;7 1 6 2 5 6 6 7 0 1
19;7 2 2 6 0 1
19;7 2 3 0 6 7 6 5 5
19;7 2 6 2 6 5
19;7 3 0 5 5 1
19;7 3 5 3 4 6
19;7 3 6 0 1 1 0 1 6
19;7 3 7 0 4 2 0 1 2 0 3 2 1
19;7 3 7 5 6 3
19;7 4 3 0 1 5 3 7 5 1
19;7 4 3 5 3 7 6
19;7 4 5 5 4 0 6 3
19;7 5 0 4 7 0 5 4
19;7 5 6 4 4 5 1 6 7
19;7 5 7 0 0 3
19;7 6 4 4 6 1 5 5 1 7 4 2 5 6 1 3 1-2 6-2 5-1 7-6 7-0 6-7 6-7 3-7 1-0
19;7 6 7 4 6 1
19;7 7 1 2 1 1 7
20;0 2 1 6 7 7 4 4 6 2 6 1 1 0 5 4 1-2 7-3
20;0 5 5 3 4 6 7 4 0
20;0 6 5 0 6 5 2 5 1
20;0 7 0 0 4 6
20;0 7 4 1 2 5 2 0 1
20;1 0 0 5 3 7 4 1 3
20;1 3 6 1 4 5 0 6 1 2
20;1 4 1 1 2 4
20;1 4 1 1 5 0
20;1 6 1 6 0 6
20;2 2 6 2 7 6 3 3 6 1 1 0 4
20;2 3 0 2 6 1 3 4 7 0 2 6 1 3 4 0 7-6 3-4 6-7 0-1 7-6 4-0 4-3 0-7 3-7 4-3 6-5 3-4 3-7 4-3
20;2 3 0 3 0 3
20;2 3 0 6 4 5 0
20;2 7 1 1 1 2 3 3 4 4 5
20;2 7 2 2 0 4
20;3 2 3 3 2 5
20;3 3 4 3 6 7 7 7 2 5 6 4 4 1 0
20;3 4 2 2 2 6 6 7 6 4 5 1
20;3 4 4 2 5 4 5 2 2 3
20;3 4 4 3 6 6 5 0 4 2 7 6 3 0
20;4 4 0 7 4 5 2 6 2 1 1
20;5 1 3 1 7 5 5 7 0 2 2 3 6 2 1 7 5-4 7-6 4-5 2-3 5-6 3-2 0-7 3-4
20;5 2 0 1 6 6 2 4 6 5 3 5 0 2 4 3 0-4
20;5 2 5 2 4 2
20;5 2 5 5 6 2
20;5 3 3 4 2 4 0 3 1 7
20;5 5 1 3 1 5 0 2 2
20;6 0 6 6 0 5
20;6 6 4 7 1 1 4
20;7 1 6 7 2 2 0 5 7 6 5 5 3 1 1 0 3-4 0-4 0-4 6-2 7-0 7-0 6-7 2-6 7-3 6-7 3-2 5-6
20;7 5 0 0 5 1 3 2 0 7
20;7 5 4 6 0 0 7 1 2 0 5
20;7 6 4 5 6 3 2 4 6 4 7
21;0 0 0 3 3 1 3 2
21;0 0 0 5 2 6 4 7 2 3 7
21;0 0 1 6 2 4 0 2 7 1 6 6 2 1 5
21;0 0 7 0 2 4 5 1 1 5 7
21;0 1 1 7 7 7 5 4 4 0 5
21;0 1 4 6 0 7 4
21;0 1 7 3 1 1 7
21;0 2 1 6 7 0 7 0 2
21;0 2 2 7 1 2 1 0 6
21;0 3 6 6 4 6 0
21;0 4 1 5 4 1 2 7 4 2 0 1 5 6 6 6 0-7 6-7 4-5 2-6 2-3 7-3 5-4 6-7
21;0 4 2 2 2 0 0 5
21;0 4 3 3 7 3 0
21;0 4 4 5 2 4 2
21;0 5 0 0 6 4 4
21;0 5 6 4 3 7 7 7 6
21;0 6 0 1 4 2 4
21;0 6 0 4 3 0 1
21;0 6 6 0 5 0 3 3 2
21;0 6 6 3 5 7
21;0 6 6 5 7 0 1 5
21;0 7 1 6 4 4 6 5
21;0 7 2 0 2 3 0 2 3
21;0 7 2 6 3 5 5 2 2 3 5 0 3 0
21;0 7 6 1 4 7 5 6
21;1 0 0 3 4 6 6 4
21;1 0 2 5 5 3
21;1 0 3 3 7 1 4
21;1 1 1 2 6 5 0 3
21;1 1 3 6 3 7 5
21;1 1 4 6 4 0 7
21;1 1 5 3 6 6 1 6 7 7 0
21;1 1 5 4 6 1 7 6 6 7 4 7 4
21;1 1 6 3 7 2 1 4
21;1 2 7 1 4 1 4
21;1 3 0 1 2 2 1 2 3 3 5 7 4
21;1 3 5 0 6 5 0 2 5 6 4 0 7
21;1 3 5 1 4 1 4
21;1 5 4 5 3 4 3 6
21;1 5 5 0 4 3 5 4 1 2 3 4
21;1 6 3 4 1 5 4 1 4
21;1 6 6 6 0 2
21;1 6 6 7 7 6 1
21;1 7 2 6 5 5 7 2 3 6 2 1 1 3 6 0
21;1 7 7 5 6 1 7 1 2 2 0 0 2 6 4
21;2 0 0 0 2 6 5
21;2 0 1 4 4 4
21;2 0 4 4 6 1 1 2 3 5 0 1 4 2 7 7 6-7 2-3 7-0
21;2 0 5 2 0 5 0 4 2 5
21;2 1 4 7 6 4 3 6 1 4 7
21;2 2 2 4 3 3 5 3 1 0 4 1 7 6 0 1 7-0 3-7 2-6 7-3 5-6 1-5 6-5 3-7
21;2 2 5 2 7 6
21;2 2 5 7 2 4 1 4
21;2 3 0 7 5 1 2 0 7 5 6 7 0 5 1 1 2-3 7-6 7-6 5-4 6-5 1-2 0-7 2-3 5-6 0-1 6-5 1-2 0-7 2-6
21;2 3 2 2 3 5 7
21;2 4 2 7 3 5 5 3 0
21;2 4 7 2 0 2 7
21;2 4 7 4 6 0
21;2 5 1 6 2 2 0
21;2 5 2 6 3 2 3
21;2 5 3 6 3 2 2 0 1
21;2 5 6 6 3 6 3
21;2 6 2 5 1 0 5
21;2 6 3 2 6 2 5 3 3 7 0 6 5 1 1
21;2 7 1 2 5 4 2 0
21;3 0 7 5 5 1 1 6 2 1 6 6 0 2 5 3 7-0 2-3 0-4 1-2 0-7 6-7 6-7 0-4 7-0 3-4 0-1
21;3 1 2 6 4 4 2 0 0
21;3 2 1 5 4 1
21;3 3 2 4 1 0 5 1 0
21;3 3 5 4 3 6 0 1
21;3 4 0 2 2 0 5 1
21;3 4 2 3 7 0 3 0
21;3 4 6 3 7 4 3 5 1 6 5 6 7 0
21;3 5 2 1 4 2 0 7 5 4 4 5 0 6 1 1 0-7 1-2 0-7 2-3 7-6 5-6 1-5 3-2 4-0 4-0 3-7 2-1 4-0 1-2
21;3 6 0 0 0 6
21;3 6 1 1 0 7 3
21;3 6 2 6 5 4
21;3 7 2 7 0 1
21;3 7 5 0 1 6 6 2 5 6 7
21;3 7 5 0 1 6 6 6 0 2 0 1 7 5 2 3 2-1 3-7 1-2 1-2 1-5 2-3
21;4 0 0 2 5 6
21;4 0 3 3 0 3 1 7 2 2 1
21;4 0 6 3 1 7 0 0 5 5 7 1 1 4 5 6 7-6
21;4 1 0 4 7 7 1 1 0
21;4 1 2 6 3 2 6 7 6 4 7 7 1 0 4 3 1-2 7-3
21;4 1 5 3 1 7
21;4 2 0 0 2 2 1 3 3
21;4 2 2 1 2 5 6 6 7 7 6 1 0 4 4 0 4-5 7-0 5-1 0-7
21;4 2 5 5 5 2
21;4 3 6 0 0 2 0 2
21;4 3 6 3 1 7 0 0
21;4 4 3 1 1 3 3 4 2 6 1 7 6 2 2 0 2-6 7-0 6-7 0-7 3-7 4-3 7-0 3-7 1-0 2-3 0-4 3-2 0-1 7-0
21;4 4 3 3 6 7 3 6 2
21;4 4 6 2 6 1 3
21;4 5 6 5 0 2 3 6 7 2 5 6
21;4 7 6 1 6 0 1
21;5 0 6 7 2 2 2 6 6 0 4 4
21;5 1 2 7 1 0 4 2 0 1 3 5 7 5 3 7 3-2 7-3 2-3 1-0 3-2 0-7 1-0 7-6
21;5 1 4 1 0 0 3 3 3 5 5 4
21;5 2 0 2 4 6
21;5 2 0 7 1 1 2 1 5
21;5 2 7 7 5 7 3
21;5 3 3 4 1 1 4 3 0
21;5 3 6 5 2 6 1 7 6 2 0 2 3 5 3 0 1-0
21;5 4 5 5 3 2
21;5 4 6 2 3 2
21;5 4 6 6 3 2 3 6 0
21;5 5 1 3 0 1 7 6 5 0 0 7 2 6 3 2 3-7
21;5 5 1 3 3 3 6 7 2
21;5 5 4 6 3 2 2 2 7 4 4 1 6 6 1 3 1-0 6-5 7-6
21;5 6 6 6 5 4 0 2 1 7 7 7 2 2 4 4 5-1 4-5 1-5 2-1
21;5 7 0 0 0 3 2 5 3 3 4
21;5 7 1 1 0 4 7 7 6
21;6 0 5 2 4 6 2 1 1 4 5
21;6 0 7 5 0 0 2 2 1
21;6 1 1 5 1 4 4 0
21;6 1 7 6 4 7 7 6 2 1 0
21;6 2 5 3 6 0 5
21;6 2 5 4 6 5 5 6 7
21;6 3 0 4 7 7 2 4
21;6 3 1 0 2 4 0 0 5 6 6 1 4 5 3 5 2-3 0-7 0-7 0-7 3-4 5-1 3-2 1-2 6-5
21;6 3 3 1 6 0 1 1 0 3 6
21;6 3 6 0 0 2 0 5 4 1 3 3 4 6 2 2 4-5 3-4 5-4
21;6 3 6 4 3 5 1
21;6 3 7 2 0 7 7 0 4 5 0 6 1 6 5 5 1-2
21;6 4 3 3 2 7 1 5 5 6 0
21;6 4 7 3 5 5 5 6 0 6 2 0 4
21;6 5 1 1 2 2 0 1 7
21;6 5 7 1 3 6 4 4 5 5 6 2 2 0 0 2 3-4 2-3
21;6 6 1 6 2 1 1 5 5 3 0 0 5 0 2
21;6 6 3 7 6 4 3 3
21;6 6 5 1 3 1 0 6 7 7 7
21;6 6 7 0 5 3 5 0 6
21;6 6 7 5 7 3 5 5 6 2 2
21;6 7 0 6 3 0 6 2 1 2
21;6 7 0 6 7 6 3 0 2 5 0 2 4
21;7 1 5 2 6 6 2 5 5 7 7 0
21;7 2 2 0 4 1 0 0 4
21;7 2 3 1 6 6 5 1
21;7 3 0 7 0 1 4 4 1 3 3 1 7 4 2 6 7-6 7-6 0-7 4-0
21;7 3 2 0 7 7 1
21;7 3 6 3 4 5
21;7 4 1 5 7 3 3 3 4
21;7 4 2 5 0 3 5 5 3 0 3 2 7 0 1 2 7-6 0-7 6-7 5-6 3-4 2-1 4-3 6-5 3-4 5-6 5-6 0-1 4-3 5-4
21;7 5 4 7 5 6 5 3
21;7 5 5 5 7 3 0
21;7 5 5 5 7 6 4
21;7 6 1 5 5 1 6 5 2 6 1
21;7 6 2 5 5 7 5 4
21;7 6 2 7 4 0 7 4 3 3 5 3 0
21;7 6 3 2 0 2 1 1
21;7 6 3 3 6 1 5 6 1 2 1 4 5 3 0 7 5-4 3-2 4-3 4-0
21;7 7 0 3 2 7 5 0 6
21;7 7 3 2 0 2 5 1
21;7 7 4 2 7 2
21;7 7 4 3 5 7
21;7 7 5 4 7 3 1 3 4 4 3 1
21;7 7 7 1 3 6 5 3 3 4 6 5 6 4
21;7 7 7 4 1 1 6 5 4 4 1 2 5 5 3
21;7 7 7 6 6 1
22;0 0 1 7 0 4 5 1 1 4 3 3 3 4
22;0 1 3 5 5 5 1 0 6 0 1 4 4 3 3 4 1-2 0-7 6-2 5-1 2-6 1-5 1-0 5-6 2-6 1-2 6-5 2-1 0-7 6-2
22;0 1 6 6 7 0 3 6
22;0 2 4 5 0 7 3
22;0 2 7 0 7 0 4 1
22;0 4 2 2 7 4 2
22;0 6 3 3 3 2 2 0 4
22;1 1 3 3 4 1 5 2
22;1 1 3 4 2 7 5 0 1 3 4 2 7 4 0 3 7-0 7-6 0-7 3-7 5-6
22;1 1 4 6 1 5 0 2 6
22;1 3 1 0 6 6 7
22;1 3 5 7 6 1 0 4 2 7 3 0
22;1 3 6 0 7 1 3 7 1 5 5 4 0 6 0 7 1-2 4-3 5-4
22;1 4 3 0 5 4 2 2 5 5
22;1 4 7 0 6 0 1 1 0 2 3 6 4 7 7 2 7-6 2-3 6-2 7-3 2-6 3-7 6-2 3-2 3-7 2-3 7-6 3-7 4-3 4-3
22;1 7 1 4 0 6 4 4
22;2 2 2 0 4 7 7 4 3 3 7 0
22;2 2 3 2 7 6 4 3 6 3 0 0
22;2 5 1 6 2 1 6 7 6
22;3 0 0 0 7 2 1 1 1 7 5 3 6
22;3 1 0 7 3 0 0
22;3 1 5 5 4 6 3 0
22;3 2 5 5 6 0 2 1 4 2 1 7 7 7 0 0 6-5 0-1 5-4 1-0 4-5 0-4 5-4 5-6 0-1
22;3 3 0 4 2 5 4 5 4 0 5 2 2
22;3 4 6 3 6 5 4 4 5 3
22;3 4 7 3 7 0 1
22;3 5 2 3 7 1 1 4 3
22;3 6 5 6 4 3 3
22;3 7 2 0 1 2 3
22;3 7 7 6 5 4 4 4 6 0 6 7 5 1 0
22;4 0 3 5 3 6 5 4 0 3
22;4 1 7 3 1 2 3 2 5
22;4 1 7 5 6 5 2 0 0 7 1 1 0 4 4
22;4 2 6 1 0 6 3 5 0 4 4
22;4 3 3 3 1 0 1 6 7 5
22;4 6 6 1 6 3 7 2 3
22;4 7 2 2 3 1 5 5 5 4 4 2 0 3 0
22;5 3 2 6 1 5 3 3 7 7 6
22;5 4 0 5 1 4 6 0 0 5 4 2 1 6 2 1 0-7 1-2 7-3 2-3 1-0 3-2 3-7 5-6 7-3 2-1
22;5 4 6 6 7 0 3 5 6 3 4 3 4 5 1
22;5 5 1 5 4 3 3 0 7 2 0 0 3 2 4 4
22;5 7 0 7 2 6 1 1 1
22;6 0 4 5 0 3 5 6 0 4 4 2 1 7
22;6 0 7 6 3 5 7 5 6 7
22;6 1 0 6 7 7 1 0 7 4 1 0 4 5 5 3 1-5 3-4 1-2 6-2 5-1 2-6 5-6 0-1 7-0 4-3 6-7 1-2 1-5 3-4
22;6 2 3 4 0 3 4 3 7 6 1 0
22;6 5 2 0 2 3 6 6
22;6 6 3 6 1 1 2 2 7
22;6 6 6 1 2 1 3 5
22;6 6 7 4 2 0 4 6 1 2 1 5
22;6 7 5 6 6 0 1 3
22;7 1 5 2 4 5 4 5 1 0 6 7
22;7 1 7 2 6 6 6 7 1 0
22;7 2 2 7 2 0 4 4 3 5 7
22;7 2 3 1 5 2 6
22;7 2 4 0 5 1 1 5 2 2 3 0
22;7 5 6 4 2 7 3 1 6 1
22;7 5 7 6 6 3 2 2 6
22;7 7 1 3 5 2 0 1 3 3 2 1